0.000000000000000000e+00
9.820000000000000950e-02
9.856000000000000316e-01
0.000000000000000000e+00
0.000000000000000000e+00
8.477000000000000091e-01
1.218400000000000150e+00
2.527000000000000357e-01
-1.000000000000000000e+00
9.571000000000000618e-01
5.467000000000000748e-01
0.000000000000000000e+00
8.752000000000000890e-01
8.269000000000000794e-01
6.602000000000000091e-01
-1.000000000000000000e+00
8.994000000000000883e-01
7.809000000000000385e-01
6.013000000000000567e-01
-1.000000000000000000e+00
9.200000000000000400e-01
3.882000000000000450e-01
9.915000000000000480e-01
1.749100000000000099e+00
8.810000000000000053e-01
8.232000000000000428e-01
-1.000000000000000000e+00
5.309000000000000385e-01
7.650000000000000133e-01
6.371999999999999886e-01
-1.000000000000000000e+00
-1.000000000000000000e+00
-1.000000000000000000e+00
6.327000000000000401e-01
4.746000000000000218e-01
1.095000000000000001e-01
5.971000000000000751e-01
6.750000000000000444e-01
-1.000000000000000000e+00
2.529999999999999957e-02
-1.000000000000000000e+00
-1.000000000000000000e+00
0.000000000000000000e+00
0.000000000000000000e+00
-1.000000000000000000e+00
2.000000000000000096e-04
6.810000000000000775e-02
-1.000000000000000000e+00
3.140000000000000013e-01
-1.000000000000000000e+00
-1.000000000000000000e+00
-1.000000000000000000e+00
2.696999999999999953e-01
-1.000000000000000000e+00
-1.000000000000000000e+00
-1.000000000000000000e+00
-1.000000000000000000e+00
6.078999999999999959e-01
3.278000000000000358e-01
4.198000000000000065e-01
3.104999999999999982e-01
0.000000000000000000e+00
0.000000000000000000e+00
0.000000000000000000e+00
5.972000000000000641e-01
0.000000000000000000e+00
-1.000000000000000000e+00
-1.000000000000000000e+00
-1.000000000000000000e+00
-1.000000000000000000e+00
1.418000000000000094e-01
3.657000000000000250e-01
-1.000000000000000000e+00
-1.000000000000000000e+00
5.229999999999999927e-02
0.000000000000000000e+00
0.000000000000000000e+00
1.886000000000000176e-01
-1.000000000000000000e+00
0.000000000000000000e+00
7.751000000000000112e-01
-1.000000000000000000e+00
-1.000000000000000000e+00
7.920000000000000373e-01
-1.000000000000000000e+00
0.000000000000000000e+00
1.144000000000000017e-01
6.869999999999999718e-02
-1.000000000000000000e+00
3.489000000000000434e-01
6.118000000000000105e-01
-1.000000000000000000e+00
4.416000000000000481e-01
-1.000000000000000000e+00
0.000000000000000000e+00
-1.000000000000000000e+00
-1.000000000000000000e+00
0.000000000000000000e+00
-1.000000000000000000e+00
4.426000000000000489e-01
3.891000000000000014e-01
-1.000000000000000000e+00
1.507000000000000006e-01
-1.000000000000000000e+00
4.897000000000000242e-01
3.689000000000000057e-01
-1.000000000000000000e+00
-1.000000000000000000e+00
6.598000000000000531e-01
0.000000000000000000e+00
4.007000000000000006e-01
0.000000000000000000e+00
6.404000000000000803e-01
-1.000000000000000000e+00
6.005000000000000338e-01
2.681000000000000050e-01
-1.000000000000000000e+00
5.156000000000000583e-01
-1.000000000000000000e+00
4.794000000000000483e-01
-1.000000000000000000e+00
1.690000000000000113e-01
8.010000000000000453e-02
-1.000000000000000000e+00
6.510000000000000231e-01
1.700000000000000122e-01
5.463000000000000078e-01
6.713000000000000078e-01
-1.000000000000000000e+00
-1.000000000000000000e+00
-1.000000000000000000e+00
5.423999999999999932e-01
-1.000000000000000000e+00
0.000000000000000000e+00
3.215000000000000080e-01
-1.000000000000000000e+00
4.782000000000000139e-01
-1.000000000000000000e+00
4.755000000000000338e-01
-1.000000000000000000e+00
-1.000000000000000000e+00
-1.000000000000000000e+00
-1.000000000000000000e+00
0.000000000000000000e+00
0.000000000000000000e+00
9.410000000000000309e-02
3.294000000000000261e-01
-1.000000000000000000e+00
-1.000000000000000000e+00
-1.000000000000000000e+00
6.751000000000000334e-01
-1.000000000000000000e+00
-2.000000000000000000e+00
6.280999999999999917e-01
-1.000000000000000000e+00
6.180999999999999828e-01
-1.000000000000000000e+00
-1.000000000000000000e+00
1.416000000000000036e-01
-1.000000000000000000e+00
3.827000000000000401e-01
-1.000000000000000000e+00
-1.000000000000000000e+00
-1.000000000000000000e+00
0.000000000000000000e+00
-1.000000000000000000e+00
-1.000000000000000000e+00
4.126000000000000223e-01
-1.000000000000000000e+00
4.364999999999999991e-01
2.573000000000000287e-01
4.891000000000000347e-01
-1.000000000000000000e+00
3.698000000000000176e-01
-1.000000000000000000e+00
-1.000000000000000000e+00
3.402999999999999914e-01
6.467000000000000526e-01
-1.000000000000000000e+00
-1.000000000000000000e+00
-1.000000000000000000e+00
-1.000000000000000000e+00
-1.000000000000000000e+00
-1.000000000000000000e+00
-1.000000000000000000e+00
-1.000000000000000000e+00
-1.000000000000000000e+00
0.000000000000000000e+00
0.000000000000000000e+00
2.207000000000000073e-01
-1.000000000000000000e+00
-1.000000000000000000e+00
-1.000000000000000000e+00
-1.000000000000000000e+00
4.037000000000000033e-01
-1.000000000000000000e+00
-1.000000000000000000e+00
4.639000000000000346e-01
0.000000000000000000e+00
-1.000000000000000000e+00
-1.000000000000000000e+00
0.000000000000000000e+00
0.000000000000000000e+00
-1.000000000000000000e+00
-1.000000000000000000e+00
1.446999999999999953e-01
-1.000000000000000000e+00
-1.000000000000000000e+00
0.000000000000000000e+00
-1.000000000000000000e+00
-1.000000000000000000e+00
-1.000000000000000000e+00
-1.000000000000000000e+00
-1.000000000000000000e+00
4.440000000000000058e-01
-1.000000000000000000e+00
-1.000000000000000000e+00
3.464000000000000412e-01
3.003000000000000114e-01
-1.000000000000000000e+00
-1.000000000000000000e+00
-1.000000000000000000e+00
4.136000000000000232e-01
-1.000000000000000000e+00
-1.000000000000000000e+00
-1.000000000000000000e+00
-1.000000000000000000e+00
-1.000000000000000000e+00
1.864000000000000101e-01
-1.000000000000000000e+00
-1.000000000000000000e+00
-1.000000000000000000e+00
3.389999999999999958e-02
-1.000000000000000000e+00
0.000000000000000000e+00
-1.000000000000000000e+00
5.080000000000000071e-01
-1.000000000000000000e+00
-1.000000000000000000e+00
-1.000000000000000000e+00
4.518000000000000349e-01
-1.000000000000000000e+00
-1.000000000000000000e+00
-1.000000000000000000e+00
2.261000000000000232e-01
4.529000000000000248e-01
-1.000000000000000000e+00
-1.000000000000000000e+00
-1.000000000000000000e+00
0.000000000000000000e+00
4.734000000000000430e-01
-1.000000000000000000e+00
-1.000000000000000000e+00
-1.000000000000000000e+00
-1.000000000000000000e+00
-1.000000000000000000e+00
-1.000000000000000000e+00
4.031000000000000139e-01
-1.000000000000000000e+00
1.443000000000000116e-01
2.358999999999999986e-01
-1.000000000000000000e+00
-1.000000000000000000e+00
-1.000000000000000000e+00
-1.000000000000000000e+00
-1.000000000000000000e+00
-1.000000000000000000e+00
-1.000000000000000000e+00
-1.000000000000000000e+00
-1.000000000000000000e+00
-1.000000000000000000e+00
-1.000000000000000000e+00
1.019000000000000045e-01
-1.000000000000000000e+00
-1.000000000000000000e+00
-1.000000000000000000e+00
2.035000000000000142e-01
1.059000000000000080e-01
0.000000000000000000e+00
-1.000000000000000000e+00
1.045999999999999985e-01
-1.000000000000000000e+00
-1.000000000000000000e+00
-1.000000000000000000e+00
-1.000000000000000000e+00
-1.000000000000000000e+00
-1.000000000000000000e+00
8.869000000000000217e-01
4.066000000000000170e-01
4.047999999999999932e-01
-1.000000000000000000e+00
-1.000000000000000000e+00
-1.000000000000000000e+00
-1.000000000000000000e+00
0.000000000000000000e+00
-1.000000000000000000e+00
3.984000000000000319e-01
3.477999999999999980e-01
-1.000000000000000000e+00
-1.000000000000000000e+00
-1.000000000000000000e+00
-1.000000000000000000e+00
-1.000000000000000000e+00
-1.000000000000000000e+00
-1.000000000000000000e+00
-1.000000000000000000e+00
0.000000000000000000e+00
-1.000000000000000000e+00
1.043000000000000038e-01
-1.000000000000000000e+00
-1.000000000000000000e+00
-1.000000000000000000e+00
-1.000000000000000000e+00
-1.000000000000000000e+00
-1.000000000000000000e+00
0.000000000000000000e+00
-1.000000000000000000e+00
-1.000000000000000000e+00
0.000000000000000000e+00
-1.000000000000000000e+00
-1.000000000000000000e+00
-1.000000000000000000e+00
0.000000000000000000e+00
-1.000000000000000000e+00
-1.000000000000000000e+00
-1.000000000000000000e+00
-1.000000000000000000e+00
1.420000000000000082e-02
-1.000000000000000000e+00
-1.000000000000000000e+00
-1.000000000000000000e+00
-1.000000000000000000e+00
-1.000000000000000000e+00
-1.000000000000000000e+00
-1.000000000000000000e+00
0.000000000000000000e+00
-1.000000000000000000e+00
-1.000000000000000000e+00
0.000000000000000000e+00
2.030000000000000207e-02
0.000000000000000000e+00
-1.000000000000000000e+00
-1.000000000000000000e+00
-1.000000000000000000e+00
-1.000000000000000000e+00
-1.000000000000000000e+00
-1.000000000000000000e+00
3.447999999999999954e-01
-1.000000000000000000e+00
2.191000000000000170e-01
-1.000000000000000000e+00
-1.000000000000000000e+00
-1.000000000000000000e+00
-1.000000000000000000e+00
-1.000000000000000000e+00
0.000000000000000000e+00
0.000000000000000000e+00
-1.000000000000000000e+00
-1.000000000000000000e+00
-1.000000000000000000e+00
0.000000000000000000e+00
0.000000000000000000e+00
-1.000000000000000000e+00
-1.000000000000000000e+00
-1.000000000000000000e+00
-1.000000000000000000e+00
1.340000000000000080e-01
-1.000000000000000000e+00
-1.000000000000000000e+00
4.230000000000000426e-02
-1.000000000000000000e+00
-1.000000000000000000e+00
-1.000000000000000000e+00
-1.000000000000000000e+00
-1.000000000000000000e+00
-1.000000000000000000e+00
2.720000000000000195e-02
-1.000000000000000000e+00
-1.000000000000000000e+00
-1.000000000000000000e+00
2.346000000000000030e-01
-1.000000000000000000e+00
-1.000000000000000000e+00
-1.000000000000000000e+00
-1.000000000000000000e+00
0.000000000000000000e+00
-1.000000000000000000e+00
0.000000000000000000e+00
-1.000000000000000000e+00
-1.000000000000000000e+00
0.000000000000000000e+00
-1.000000000000000000e+00
-1.000000000000000000e+00
-1.000000000000000000e+00
1.451000000000000068e-01
-1.000000000000000000e+00
-1.000000000000000000e+00
-1.000000000000000000e+00
-1.000000000000000000e+00
-1.000000000000000000e+00
2.759000000000000341e-01
-1.000000000000000000e+00
-1.000000000000000000e+00
-1.000000000000000000e+00
-1.000000000000000000e+00
-1.000000000000000000e+00
-1.000000000000000000e+00
-1.000000000000000000e+00
-1.000000000000000000e+00
-1.000000000000000000e+00
-1.000000000000000000e+00
-1.000000000000000000e+00
-1.000000000000000000e+00
-1.000000000000000000e+00
3.222000000000000419e-01
-1.000000000000000000e+00
-1.000000000000000000e+00
0.000000000000000000e+00
-1.000000000000000000e+00
1.979000000000000203e-01
-1.000000000000000000e+00
-1.000000000000000000e+00
-1.000000000000000000e+00
-1.000000000000000000e+00
-1.000000000000000000e+00
-1.000000000000000000e+00
-1.000000000000000000e+00
2.821000000000000174e-01
-1.000000000000000000e+00
-1.000000000000000000e+00
-1.000000000000000000e+00
-1.000000000000000000e+00
2.078000000000000125e-01
-1.000000000000000000e+00
-1.000000000000000000e+00
-1.000000000000000000e+00
-1.000000000000000000e+00
-1.000000000000000000e+00
-1.000000000000000000e+00
-1.000000000000000000e+00
-1.000000000000000000e+00
-1.000000000000000000e+00
-1.000000000000000000e+00
-1.000000000000000000e+00
-1.000000000000000000e+00
-1.000000000000000000e+00
-1.000000000000000000e+00
-1.000000000000000000e+00
-1.000000000000000000e+00
6.900000000000000577e-02
-1.000000000000000000e+00
-1.000000000000000000e+00
-1.000000000000000000e+00
-1.000000000000000000e+00
-1.000000000000000000e+00
-1.000000000000000000e+00
-1.000000000000000000e+00
-1.000000000000000000e+00
-1.000000000000000000e+00
-1.000000000000000000e+00
-1.000000000000000000e+00
-1.000000000000000000e+00
-1.000000000000000000e+00
-1.000000000000000000e+00
-1.000000000000000000e+00
2.402000000000000246e-01
-1.000000000000000000e+00
-1.000000000000000000e+00
-1.000000000000000000e+00
-1.000000000000000000e+00
7.599999999999999811e-02
-1.000000000000000000e+00
-1.000000000000000000e+00
-1.000000000000000000e+00
-1.000000000000000000e+00
-1.000000000000000000e+00
-1.000000000000000000e+00
-1.000000000000000000e+00
-1.000000000000000000e+00
-1.000000000000000000e+00
-1.000000000000000000e+00
-1.000000000000000000e+00
2.327000000000000179e-01
-1.000000000000000000e+00
-1.000000000000000000e+00
-1.000000000000000000e+00
-1.000000000000000000e+00
-1.000000000000000000e+00
-1.000000000000000000e+00
-1.000000000000000000e+00
2.157000000000000028e-01
7.153000000000000469e-01
-2.000000000000000000e+00
-1.000000000000000000e+00
-1.000000000000000000e+00
-1.000000000000000000e+00
-1.000000000000000000e+00
0.000000000000000000e+00
-1.000000000000000000e+00
0.000000000000000000e+00
-1.000000000000000000e+00
-1.000000000000000000e+00
0.000000000000000000e+00
-1.000000000000000000e+00
-1.000000000000000000e+00
-1.000000000000000000e+00
-1.000000000000000000e+00
-1.000000000000000000e+00
-1.000000000000000000e+00
-1.000000000000000000e+00
0.000000000000000000e+00
-1.000000000000000000e+00
-1.000000000000000000e+00
-1.000000000000000000e+00
0.000000000000000000e+00
-1.000000000000000000e+00
-1.000000000000000000e+00
-1.000000000000000000e+00
-1.000000000000000000e+00
3.868000000000000327e-01
-1.000000000000000000e+00
-1.000000000000000000e+00
-1.000000000000000000e+00
-2.000000000000000000e+00
-1.000000000000000000e+00
-1.000000000000000000e+00
0.000000000000000000e+00
1.091000000000000025e-01
0.000000000000000000e+00
-1.000000000000000000e+00
-1.000000000000000000e+00
-1.000000000000000000e+00
-1.000000000000000000e+00
-1.000000000000000000e+00
-1.000000000000000000e+00
